00000000000000000000100000100000	
11000000000000100000000000000101	
00010000001000100000000000010001	
00000000000000011000000010000000 	
10001110000000110000000010010100	
10001110000001000000000010101000	
10001110000001010000000010111100	
01110000011001000010100000000010	
00010000101000000000000000000111	
00011100101000000000000000000100	
00000000011001000011000000100000	
00000000110001010010100000100010	
00001000000000000000000000100001	
00000100101000000000000000000001	
00000000000001010010100010000000	
00001000000000000000000000100001	
11000000101001010000000000001100	
10101110000001010000000010111100	
11000000001000010000000000000001	
00001000000000000000000000010010	
00000000000000000000000000001101	
11111111111111111111111111111111	
11111111111111111111111111111110	
11111111111111111111111111111101	
00000000000000000000000000000001	
00000000000000000000000000000010	
00000000000000000000000000000100	
11111111111111111111111111111100	
00000000000000000000000000001010	
00000000000000000000000000000111	
00000000000000000000000000001001	
00000000000000000000000000000001	
00000000000000000000000000000000	
11111111111111111111111111111111	
00000000000000000000000000000001	
11111111111111111111111111111111	
00000000000000000000000000000000	
00000000000000000000000000000000	
00000000000000000000000000000000	
00000000000000000000000000000000	
00000000000000000000000000000000	
00000000000000000000000000000000	
00000000000000000000000000000000	
00000000000000000000000000000000	
00000000000000000000000000000000	